6292736 500 144394,35833724,93660519,73149430,21828209,14674318
24547880 489 87107185,87403051,19848631,122349569,95882947,21555802,125403383
16463173 544 2591886299,87515901,87798509,94978573,2585023916,95952832
18709918 552 38902321,21786680,2587632485,2572666979
12534924 570 68341204,20928867,86457841,21761125,21786680,73149430,21828209
18597197 472 45797189,95774822,93779789,87403051,18740726
36834914 363 95337758,111831272,86457841,95881160
25602452 569 13909116,39113161,87320037,86467719,90277820,87515684
24547880 531 87576216,47162802,90277820,72323854,97716087
22215923 375 25665853,81857649,21786680,86462544
14703960 505 122349569,95774822,87798351,2587632485,2591886863
24547880 370 103415302,8065635,74188047,87245593
32088809 522 82297167,87184149,87319826,86457841,39113161,2585023914,18289294
4847924 370 125575989,7239915,95882947,108253584,87456174
86437916 513 87319826,21761125,78729158,25665853,46830069
14513534 563 86463732,81849126,87240720,87576216,125554148,92327017
24547880 471 95882947,87108745,87510741,95952832
13789797 556 86463732,92613309,25679866,95774822,103307767,44184858
18709918 514 125575989,2585023914,87510410,16039772,87107367
23204480 412 2587632485,87571757,87364729,96097304,15012756,2585023914,87510741
21976641 400 122349569,7239915,87184149,87456027
14971191 406 87449746,22018367,18740726,87114304,78075811,95952832
36834914 510 95337758,86457841,87576424,78075782,103431259,87510410,15012756,125554148
14799899 468 38902321,87449746,87245593,125575989,87893117,125403383
88158532 504 122349569,44184858,147339,87402916
32088809 593 87107367,87369970,72944944,25679866,74188047
28995999 510 82297167,653500,18740726,87537304,87449987,87515843
36041329 582 90752018,87320037,87364729,2576191607,74188047,14674318,87107367
23204480 522 21786680,41608560,2585024058,86462544
14971191 494 2591886299,103415302,39113161,92613309,122349569,87369970
10436138 488 87893117,86438222,46830069,72323854
29171587 484 18623804,87576424,93660519,25665853,87108745,96097304,87515684,87369970
14971191 421 87240720,94978573,87571514,86554743,21786680
10436138 389 16741631,35833724,147339,125382105,87364729
18597197 499 13909116,87798351,87798509,86554743,78075811,86559757,19834431,103447747
10436138 535 2587632485,87510410,126672908,2576191607,87178815,103447747
23204480 579 13909116,87798509,87145800,86468543,87517113,114466956
22215923 543 87403051,2585024058,87510304,25679866
18891971 472 87515901,86457841,87145800,87319826,87571757,86468566,96097304
14826053 560 22018367,81849126,18740726,86467719,87515843,125403383
28367422 551 95272250,2591886863,82297167,18289294,72323854
14826053 488 87184101,86468566,81857649,2572666979,87576216
10436138 423 87241037,93660519,25665853,16741631,19848631,2587632485,87893117
4847924 365 87798351,87571514,72323854,21786680,87402962,14674318
25815797 521 15012756,114466956,21555802,103447747,78075811
45367527 529 95774822,87402989,87571514,2584722266
28995999 548 90752018,86457841,87456174,87245593
18998603 511 87108768,68341204,7239915,44306552,9532301,87184101,87515684,19834431
16162439 442 45797189,2585023914,122349569,2585024058,8065638
25854677 522 125554148,144394,127967296,2572666979,18623804
16162439 582 127814988,78075782,90277820,87120274
16162439 399 87798351,2587632485,46830069,7239915,86468543,95774822,18502251,19848631
36834914 597 87240720,125575989,87455915,87114304,45797189
6471613 375 144394,94978573,87402916,95272250,8065635,653500,87510741
44912141 369 87245593,144394,45797189,126672908,111831272,87893117,90277866
24547880 494 86467719,87240720,78729158,41608560,127967296
23204480 483 17651672,127814988,20928867,78075782,87402916,78075811,87449987
25602452 380 87798351,87245658,125575989,87455915,95774822,2576191607,87240996
19466386 455 87315315,78729158,2571020393,87178815
19103538 430 2587632485,87571514,92613309,47162802,46830069,19848631,103447747,92327017
26453435 482 87798509,87556963,87456027,87167841
24547880 568 87556963,87145800,44306552,97716087,78729158,87510741
10436138 542 103415302,87449746,111831272,87798509,87576216
25815797 517 2587632485,87114304,125554148,21555802,21828209,87369970
45050467 407 19834431,147339,22018367,103307767
36840140 526 38902321,87556963,96097304,7239915,87455915,46830069,90277866
22215923 390 38902321,44306552,81849126,93779789,111831272,87167841,87515684
4847924 463 2585023914,87798351,87184149,81849126
36840140 579 27805135,87107185,7239915,87453232,95774822,87108745,15424959
7760425 594 87245593,87241037,87895299,87145800
23204480 526 87315315,87456174,87402916,90277866
86437916 414 82297167,95272250,95323674,78729158,87145800
13789797 400 8065638,126672908,90752018,87576216,7239915
21006950 547 72944944,93660519,46830069,87893117,18289294,63879165
18307516 572 39371917,20928867,16039772,86467719,2585023915,2585023916,87178815
14703960 412 17651672,87571514,87120274,19834431,95952832,21828209
18998603 411 87515684,87455736,41608560,103447747
6471613 555 45797189,87402962,93660519,97716087,87107367
13789797 577 87320037,87184101,21761125,73149430,81857649,125403383
2575586935 417 2585023915,108253584,2585023916,87556963,95952832
18998603 561 87798351,87245658,125382105,68341204,87571514,86457841,87120274,87114304
44912141 473 87893117,126672908,21786680,18623804,97716087
44992889 514 127814988,21786680,27805135,87456174,72944944
12534924 516 87319826,21744285,19848631,97716087,103431259
14104736 394 2587632485,86463732,86554743,16039772,87510304,87364729,87576216,87893117
18686023 441 87403051,95272250,86463494,19848631,87455736,87245711
18709918 421 87515901,86463732,87455915,93779789,2576191607,87893117,21828209
12534924 514 72323854,90277820,82144973,15424959,2576191607,92327017
19466386 449 95337758,87798351,86438222,87241037,87895299,95881160,87245658,87178815
39625687 575 103307767,87403051,87288039,21828209,95952832
18998603 499 87403051,653500,35833724,86554743,86559757,2585023914,81857649,125403383
36041329 468 87893117,86438222,73149430,87178815
18709918 554 19158166,87245658,87107185,18623804,81849126,87576424,73149430,87515684
18686023 365 144394,18289294,2587632485,93660519
10436138 525 90752018,87403051,86468543,41608560,90277820,125554148,87449987,103447747
18998603 387 18253773,2585023914,87510410,2585023915,14674318
25854677 418 44306552,74188047,18623804,87515843
88158532 426 95882947,87510410,87893117,87107185,125403383
23204480 502 144394,126672908,90277820,110225778,87240996
40474848 508 21744285,87798351,22018367,72944944
21006950 444 87798490,18289294,95071388,21828209
6471613 444 87107185,87576424,15424959,16039772,103431259
28367422 442 103415302,20928867,87108745,46830069,87315315,90752018
10436138 564 25665853,87895299,87571514,93779789,95272250,122349569,74188047
44992889 382 87319826,86457841,87537304,87167841,87120274
45367527 360 86463732,87576424,78729158,87364729,87893117,15424959
44992889 510 22018367,653500,87571757,17500694,78729158,2585023915
25815797 404 7239915,127950193,44306552,87120274,86462544
36834914 390 95337758,18289294,39371917,72944944
45367527 475 87288039,2584722266,87120274,87517113,126672908,87456174
10436138 492 125575989,87402989,86457841,22018367,87402916
22215923 546 87184101,87798351,86554743,46830069,103431259
24547880 584 92613309,86462544,8065635,90277866
21976641 508 87245593,87571514,86554743,72944944,95881160,45797189,147339,90752018
21006950 560 87895299,18623804,72944944,87798490,41608560,15933280,122349569
14104736 553 2585023915,19834431,111831272,25679866
14971191 445 87798351,27805135,86463732,44306552,95071388,97716087,87798490,87402989
28995999 516 95337758,27805135,87456027,95881160,25679866,78075811,87510741
7760425 521 19834431,87455915,35833724,95882947
14971191 584 93779789,15012756,8065635,87245593
36834914 516 86457841,44306552,125408363,18740726,86463494,41608560,122349569
86437916 446 87245658,86463732,87319826,7239915,18740726,19848631
10436138 411 20928867,94978573,87510304,87364729,2591886863,87245711
28367422 422 87184101,95881160,87184149,125408363
24557623 470 87893136,87895299,87449746,90752018,93779789,87403051,87510304,86463514
36840140 441 95323674,35833724,78075811,21761125,2585023915,15424959
14826053 562 125575989,78075782,2591886863,87315315,87449987,125403383,15424959
22215923 383 81857649,2587632485,87537304,2584722266,16039772
36834914 520 82297167,87145800,144394,17500694,87537304,15012756,127967296
26453435 549 38902321,87515901,87571757,94978573,87320037,2591886863,2576191607
21006950 448 87240720,103415302,87240996,18253773
14513534 556 44184858,2576191607,86554743,16039772,103431259
22215923 600 125554148,18740726,110225778,92327017
18998603 527 82144973,2585023916,87537304,74188047
28584004 449 96097304,86457841,95071388,17500694,86463514,18502251,86463732
25854677 482 38902321,95881160,16741631,47162802,87455736,87402962,19834431,125403383
28584004 439 110225778,144394,44306552,18740726,72323854,93660519,87315315
39737302 534 95071388,72323854,122349569,47162802,87798490,87455736,125403383,92327017
21976641 540 20928867,87245658,87456027,87320037
14703960 426 87893136,86463494,87510410,2584722266,93660519
36041329 499 87893117,2587632485,87515843,14674318
87408392 419 144394,87449987,86457841,127967296
18307516 539 653500,19848631,87402962,87315315,81857649,87369970
14971191 538 95774822,87893117,87556963,86463494
18709918 374 122349569,2585024057,95071388,87107367
24547880 367 110225778,93779789,87114304,86463494,96097304,44184858
6509908 571 87798351,103415302,16039772,87240720,86559757,44184858,21555802,87240996
18709918 449 35833724,125575989,87571757,94978573,86468543,103307767,47162802,18289294
45050467 483 87402989,87515901,18740726,2585024058
24557623 406 13909116,87515901,9532301,92613309,87510741,125403383
6292736 421 87107367,87571514,86554743,15933280,90277866,63879165
14104736 590 90752018,87245658,87453232,14674318,92327017
10436138 535 87893117,86438222,95882947,2585023917,87145800
45050467 488 22018367,18623804,125408363,86463514,103307767,14674318
18998603 456 95323674,87184101,16741631,15933280,2585023915,87240996
14703960 530 87184101,127814988,114466956,2584722266
18686023 531 114466956,87120274,127950193,87108745,41608560,46830069,125554148
7760425 527 68341204,87403051,93660519,2585023917,147339,87240996
19466386 479 44184858,87120274,110225778,2572666979
14971191 599 125575989,127814988,126672908,18623804
24923893 452 87798509,87107185,125575989,95323674,39113161,72944944,73149430,87369970
39625687 566 8065635,39113161,14674318,86462544
25602452 477 127814988,87449987,2585024057,18502251
14799899 463 87108768,653500,45797189,87402962,95952832,92327017
4847924 567 2591886299,103415302,87571757,17500694,21786680,73149430,2585024058,8065638
24223711 376 2585023914,125382105,87288039,87167841,63879165
10436138 431 45797189,87893136,127967296,68341204,87449746
18891971 390 87515684,95774822,87798509,87245593
6509908 533 95952832,82144973,87537304,18740726
87408392 425 8065635,95881160,2571020393,87455915,86468566
32088809 364 2591886863,108253584,87108768,103447747,87456027
88158532 530 87245658,39371917,17651672,9532301,93660519,86463494,2585023915
25854677 592 125554148,95337758,87319826,2572666979
14104736 428 87798490,87364729,41608560,38902321
29171587 382 144394,95881160,2587632485,87515843,86468566
36840140 410 38902321,87184149,87319826,86554743
32088809 538 87241037,87114304,87240996,2587632485,2585024057,87449987
14799899 412 13909116,114466956,127814988,95881160,87178815,87108745,87240720,87515843
14703960 414 87241037,44306552,17500694,47162802,73149430,15933280,46830069
28584004 562 2591886299,95882947,108253584,90277820,87510304
24557623 595 87245658,127814988,87571514,87120274,86468543,87114304,46830069,2585023916
24557623 466 87245658,87184149,90752018,2585023915,125382105,147339,95952832
24547880 596 87515901,87319826,87402916,87456174,87315315,2585023917,87178815
10436138 416 87576424,18740726,103431259,87576216,87240720,95882947
86437916 430 125575989,103431259,103307767,47162802,15933280,18253773,87510741
36834914 528 86463514,95881160,22018367,72944944,63879165
14799899 365 87184149,86457841,2591886863,18253773,87455736,74188047,87369970
7760425 516 87456027,87320037,86467719,86468566,87576216,18289294
25602452 507 87449987,86438222,87571757,14674318,81849126
40474848 583 38902321,17651672,94978573,21761125,86463494,90277820
18686023 579 2591886299,87402989,86463494,9532301,7239915
18597197 474 87455915,2571020393,78075811,95774822,86462544,63879165
36041329 504 2591886299,87895299,95323674,87798490,111831272,2585023915,81857649
18998603 376 93779789,86438222,87456027,96097304
16162439 386 82297167,27805135,44306552,87114304,86463514,21744285,87402989,82144973
88158532 501 87319826,2585023917,87576424,111831272,2585024057
24223711 595 87184101,103415302,87798490,17651672
39625687 404 39371917,114466956,41608560,87895299
14971191 438 87510410,87245711,87515901,81849126
86437916 501 87403051,25679866,46830069,87245711,95952832,87107367
16162439 488 27805135,87798351,22018367,41608560,87571514
26453435 511 44306552,95323674,2572666979,9532301,95071388,86463494,87240720
6509908 525 87576424,94978573,39113161,21761125,127950193,78729158,41608560,63879165
24923893 585 87245711,44306552,87288039,96097304,87245593
7760425 454 87184101,87108745,86457841,86559757
21006950 418 19158166,87319826,25679866,16741631,15933280,18289294,21555802
6471613 392 95323674,87515901,87571757,90277866
2575586935 387 38902321,103415302,95323674,18740726,72323854,86467719,8065638
18891971 541 22018367,87288039,72944944,17500694,96097304,82144973,2585024057
19103538 493 19158166,87456174,125382105,95337758
88158532 553 103415302,87184101,18253773,2585024057,14674318,87107367
18998603 592 2587632485,94978573,25679866,47162802,87456174,87893117,14674318
39737302 591 87576424,87108745,108253584,87107185,95323674
39737302 531 35833724,125382105,87895299,46830069,125408363
88158532 476 87893136,653500,87178815,2591886299
21006950 557 25665853,144394,87537304,110225778,87455736
13789797 597 127814988,87114304,87240720,653500,2585023915,147339
28995999 361 144394,87893136,87369970,87245593
26453435 531 87798490,127950193,87510741,87456174,15012756
13789797 556 72944944,87114304,78075811,87108745,87320037,19834431,87369970
39737302 548 86463494,87510741,87798351,78075811
6509908 459 2585023915,87798490,95881160,110225778,68341204
14513534 373 45797189,2585023917,2585024058,18623804
21976641 435 87798509,18623804,86463514,95774822,87576216,87402962
6292736 465 125382105,86457841,8065635,87245593
45050467 570 87245711,87184101,73149430,96097304,87510304
28584004 507 13909116,87798351,87108768,16039772,95272250,86468566,47162802,87515684
14971191 570 19158166,87245711,87184149,110225778
86437916 450 87893136,19834431,87167841,125403383,90277820
36041329 423 87798509,125575989,25679866,87184101,41608560,87576216,19834431,87402989
24923893 488 125554148,87107367,68341204,78075811
10436138 512 95323674,81849126,93779789,87510410,78729158,111831272
14971191 449 87315315,86554743,8065635,103431259
32088809 405 13909116,87288039,110225778,87319826,86467719,111831272,21828209
16463173 585 39371917,87453232,87571514,15933280,87369970
23204480 544 87455915,95323674,2585023917,103447747
16162439 456 95337758,2591886299,95881160,86554743,25665853,47162802,87576216,2585023916
2575586935 499 87556963,2587632485,87114304,78729158,87167841,87402989,39371917,127967296
26453435 581 87455915,87245711,87456174,68341204
19103538 432 87319826,21786680,87403051,87455915,103447747
23204480 525 86463732,2572666979,97716087,87402916,8065635,2585024057
2575586935 457 38902321,19158166,18623804,2591886299,87184101,14674318
22215923 379 2576191607,87245711,87241037,18740726,39113161
45050467 467 22018367,87319826,95774822,21786680,2585024058,2591886863,90277866
23204480 432 114466956,87145800,111831272,8065638,74188047,90277866
18891971 560 87108768,47162802,87178815,87288039
86437916 513 87556963,87576424,87120274,9532301,81857649,15424959
14799899 594 86467719,103415302,22018367,87120274,72323854
39625687 528 87364729,87449987,87576424,78075782
14799899 459 87798490,103307767,90277820,15012756,2585023915,21555802
22215923 564 87798490,103307767,95323674,39371917,19158166
14104736 519 16039772,86463514,95774822,21744285,127950193,44184858,2585023914,87245711
28367422 497 87288039,92613309,73149430,87456174,86559757,87178815,21828209,86462544
18307516 383 87798509,81849126,94978573,86554743,87510304,18253773,87798490,87245711
12534924 518 2585023915,86462544,87320037,103431259
21976641 451 87798509,111831272,95323674,15012756,90277866
32088809 555 87245711,86463494,87798509,39113161,74188047
18597197 519 45797189,87515901,87895299,86554743,78075811,95774822,87798490
4847924 509 19848631,16741631,87403051,87108768,87576216
14971191 534 13909116,2587632485,111831272,81857649,87178815,127967296
24923893 546 87184149,2585023915,19834431,95882947,21555802,87515843
24547880 538 122349569,653500,87571757,87107185,87895299
36840140 545 2585023914,2585023917,87402916,17500694
16162439 500 78729158,19834431,87576424,87114304
36834914 566 87515684,93779789,22018367,125403383,15012756
14703960 412 2591886299,21761125,93779789,16741631,87245593,21555802
28584004 390 108253584,87184149,87571514,95071388,18740726,2591886863,18253773
18891971 493 97716087,93660519,25679866,87167841,2585023914,2585024057,103447747
14703960 383 125382105,125575989,2571020393,18740726,25679866,21761125
18307516 457 87798351,87108768,92613309,78729158,8065635,87402989,8065638
6509908 364 45797189,82144973,87556963,15933280,87107367
22215923 576 2585024058,95882947,87120274,14674318,78075811
6292736 497 114466956,87107185,127814988,87576424,87184101,16741631,2585024058
10436138 433 86457841,97716087,87320037,95071388,18253773,87245711
29171587 396 87893136,114466956,90752018,95071388,95272250,125554148,2585024058,2585023915
28367422 504 103415302,125554148,87455915,15424959
14104736 595 2591886299,7239915,87402916,9532301,87402962,2585023914
45367527 436 87107185,72323854,86467719,78729158,8065635,46830069,41608560
28584004 487 86463732,81849126,73149430,87515684,95882947,87369970
2575586935 392 87455736,2587632485,86468566,87893136
28995999 543 653500,87893117,87241037,103447747,87145800
25815797 367 2571020393,95323674,147339,8065635,2572666979
13789797 597 87241037,127814988,95323674,86554743,17500694,78075811,8065638,87455736
19466386 519 2591886299,2587632485,87288039,86467719,111831272,125554148,87107367,15424959
25815797 450 86438222,39371917,44184858,2585023917,87178815,92327017
6292736 445 87245658,2587632485,44306552,97716087,86467719,27805135,87369970
18686023 473 2587632485,2576191607,22018367,87241037,90277866
45367527 364 87798351,87556963,87184149,110225778,127814988,87453232,87515684,87240996
18891971 370 44184858,87798490,82297167,108253584,103447747
14799899 505 87456027,87245593,18740726,127950193,87240720,2585023914
24923893 508 87455915,35833724,87456027,9532301,25679866
25602452 538 87798351,87241037,87245593,87319826,87453232,19848631,86462544
86437916 566 87798509,87184149,87107185,39113161,86467719,87510410,2585023914,87893117
18709918 364 38902321,9532301,95272250,125403383,87515684,14674318,86462544
24923893 445 87893136,25679866,87510304,95272250,78729158,2591886863,87315315,87107367
22215923 432 2591886299,27805135,125408363,41608560,8065635,2585023916
45367527 485 87515684,87893117,111831272,39371917,74188047
24923893 522 2591886299,44306552,25679866,86463514,87537304,95882947,103431259
21006950 415 87449746,20928867,9532301,86559757,87315315,87449987
28995999 413 17651672,87403051,95071388,103431259,87108745,103447747,15424959
6509908 477 108253584,93779789,72323854,2585023915,8065635,87402962,86559757
40474848 420 87449746,110225778,87145800,87403051,87517113,86463494,125554148
21976641 458 68341204,95272250,21761125,47162802,86559757,87245711
25602452 553 147339,95882947,78729158,22018367,87288039
18686023 497 19834431,74188047,87120274,18502251,103307767
14826053 369 81849126,87517113,47162802,44184858,87369970,90277866
6292736 504 87241037,2571020393,86467719,86463494,111831272,90277866
45050467 501 19158166,127950193,87245711,94978573,87576216
44912141 388 87319826,25679866,18740726,87537304,46830069,15012756,2585023914
4847924 364 87315315,95323674,87120274,74188047
29171587 568 86438222,87108768,87245593,87114304,87245658,96097304,122349569,95882947
21006950 567 2591886299,21744285,22018367,144394
18998603 463 13909116,95323674,2571020393,86559757,87515843,86462544
21006950 570 87184101,86463494,87114304,15424959
4847924 385 653500,35833724,17500694,90277820,19848631,2585024057,90277866
44992889 547 72944944,17651672,78075811,87537304,2572666979
18709918 457 125554148,68341204,18740726,110225778
36834914 523 87893136,110225778,653500,87571757,78075811,78729158,44184858
16162439 408 87798351,95323674,90752018,2585024057,87245593
18709918 506 78729158,87893117,86457841,87178815,17500694
18998603 446 19158166,108253584,87571757,2585024058,87402962,35833724,87537304
14104736 486 35833724,17651672,93779789,87120274,92613309,111831272
25815797 583 114466956,87145800,86554743,86467719,18253773,74188047,21828209
40474848 472 95337758,108253584,87145800,16741631,87167841,103447747
25815797 402 87798490,87453232,87108768,86468543,87145800
14513534 451 87319826,87893136,82144973,94978573,2572666979
22215923 363 2591886299,86457841,86559757,68341204
88158532 413 21744285,21555802,19158166,92327017
36840140 568 87402962,2576191607,72323854,2584722266
36041329 497 8065638,47162802,78075782,46830069
19103538 415 87515901,87456027,125408363,86463514,44184858,125403383
36041329 445 95774822,21761125,87571757,86463732,81849126
14703960 540 2591886299,126672908,2585023916,21761125
14799899 572 87571514,21786680,8065635,87537304,87364729,87449987,87240996,2585024058
14799899 576 13909116,97716087,87114304,103431259,86468543,18502251,92327017
28367422 564 38902321,19158166,87107185,87245593,95323674,78075811,78729158,92327017
28367422 398 127814988,2585023917,87403051,18623804,87369970
25602452 541 87556963,39113161,87510304,97716087,87320037,18502251,103447747
4847924 469 87449746,86463732,94978573,16039772,86559757,87288039
44992889 376 17651672,18623804,21761125,87571757,21744285,87107185
25854677 419 27805135,87288039,87455915,86457841,127950193,95882947
18686023 593 122349569,87108745,18623804,87510304,74188047
24557623 472 13909116,87798351,2584722266,90752018,92613309,95882947,87245711
24547880 436 87449746,87798351,144394,86463514,87449987,87178815,2585024057,87107367
39625687 483 18253773,92613309,87515843,2584722266
19466386 565 103415302,86463494,94978573,81857649,86468543
25602452 417 16741631,127950193,87107185,87178815
24223711 538 87576424,87895299,44306552,17500694,87240996,21761125,87515843
36840140 594 125382105,87107185,94978573,17500694,87517113,87453232,8065635,2585023916
26453435 395 87515684,95882947,87510741,9532301
6292736 475 19158166,39371917,68341204,94978573,87402916,125554148
14104736 503 9532301,97716087,103447747,39113161
6509908 463 78075811,2591886863,111831272,17651672,92327017
39625687 485 39371917,20928867,39113161,2585024058,87510741,63879165
22215923 540 87517113,41608560,87178815,2572666979,86462544
39625687 388 44306552,87145800,127814988,87571757,45797189,103307767,87456174
44992889 476 13909116,20928867,87108745,17500694
14971191 388 13909116,87893136,86438222,86559757,25679866
18307516 595 87556963,87108768,87145800,86457841,2571020393,47162802,87364729,2585024058
29171587 509 95774822,144394,126672908,125575989,86468543
26453435 452 87798509,39371917,653500,17500694,15933280,44184858
23204480 590 87515684,93779789,87456174,78075811
44912141 436 44184858,18253773,87449987,87515843,15012756
14104736 530 38902321,87107185,25679866,21786680,87576216,8065638,82144973,87510741
21006950 467 38902321,87576424,19848631,87240720,2585023914,95882947,95952832
25602452 464 19848631,122349569,21555802,125403383
19466386 423 19158166,108253584,18623804,95071388,87245658,18502251,87515684,92327017
16162439 575 90752018,9532301,86559757,87120274,125403383
13789797 446 38902321,21744285,44184858,127950193,2585023914,125554148,8065638,87510741
14513534 427 87167841,87241037,86463732,103447747,87515843
39625687 515 82297167,19834431,21555802,16039772,15012756
19466386 394 87245593,87403051,95774822,21786680,41608560,44184858,87402989
14799899 525 87184101,103307767,87107185,68341204,18253773
28995999 564 90752018,125408363,87114304,86468566,21786680,15012756,125403383
18597197 462 87403051,19834431,87455915,94978573,90277866
7760425 586 19834431,20928867,97716087,87107367
10436138 498 87556963,103447747,68341204,17651672
14971191 545 81849126,97716087,8065635,87576216,21555802,87369970
45367527 370 103415302,87402962,21786680,82144973
18597197 464 95337758,87245593,653500,16039772,111831272,46830069,21555802
24923893 564 144394,87537304,87576216,15933280
36834914 450 2591886299,114466956,81849126,16039772,19848631,15424959
12534924 496 95272250,87245658,87241037,90277820
19466386 592 87517113,41608560,90277820,96097304,15012756
28584004 592 38902321,2591886299,87798509,110225778,87245593,127950193
36840140 399 82297167,15012756,87114304,14674318,81849126
14513534 508 87402962,21555802,95882947,87571757,94978573
18686023 502 103415302,72944944,2584722266,78075811
18686023 595 95272250,90752018,86559757,87320037
28584004 402 86438222,87107185,78075811,95774822,19848631,2585023914,95952832
13789797 484 87319826,122349569,87576424,95952832,63879165
14799899 508 87510410,87571757,41608560,95952832,86468543
19103538 599 47162802,21786680,95323674,87449987,95337758
14971191 542 19848631,87240720,87453232,18740726,46830069
36840140 569 86468566,87245658,39113161,86463732
88158532 474 2591886863,87184101,96097304,95337758
24223711 504 8065638,125382105,16039772,125403383
18709918 595 87184101,2585023915,39371917,87537304,2584722266
18686023 527 82144973,2576191607,21828209,15424959
14971191 445 95071388,86467719,78729158,2585024058,2585023915,95882947,2585023916
25815797 576 38902321,108253584,87517113,144394,44306552,16039772,16741631
26453435 454 81849126,653500,93779789,97716087,78075811,87537304,103431259
87408392 575 87895299,78075782,87576424,87403051,9532301,8065635,87456174,2576191607
19103538 545 86457841,144394,44306552,95952832,87515843,18253773,2585023917,87893117
26453435 533 2585023914,87510410,21555802,19834431
23204480 435 95337758,87403051,87320037,92613309,87402989,82144973
45050467 584 86463732,653500,95323674,18740726,9532301,86467719,87453232,87167841
39625687 436 87108768,2571020393,87576216,87402989,87245711,125403383
25815797 360 125382105,2572666979,9532301,47162802,2585024058,19848631,95882947,87178815
14971191 536 95323674,103415302,87571757,94978573,72323854,19848631,87240996,103447747
16162439 481 13909116,2587632485,45797189,47162802,87364729,19848631,86462544
7760425 453 2585024058,2585023917,87241037,87456027,87107185
18307516 568 22018367,21761125,87320037,86463514,92613309,63879165
2575586935 500 125382105,87288039,86463514,87456174,87178815,90277866
14826053 443 87449746,17651672,20928867,16039772,95774822,95881160,63879165
16162439 461 44306552,87114304,125403383,87245593
18998603 382 13909116,39371917,144394,86457841,18740726,87449987
26453435 548 87184149,114466956,21555802,2572666979
18597197 549 38902321,87107185,86457841,97716087,78729158,87402962,87449987,15424959
7760425 507 86467719,19848631,21786680,41608560,122349569
36041329 408 87798490,95881160,87107367,125403383,81849126
25602452 550 19158166,97716087,87120274,18502251,2591886863,87178815,2572666979
18307516 558 87245658,86554743,86463732,87320037
24547880 571 95774822,87455915,47162802,86438222,95881160
44912141 575 81849126,94978573,87184101,87510410,87449987,90277866
24923893 478 87108768,68341204,78075811,47162802,87402962,103431259,87240996
45367527 573 27805135,86463732,7239915,87455915,16039772,14674318,125403383,87108768
6509908 598 87315315,86559757,87402916,127967296
25602452 503 38902321,87798509,39371917,87145800,87120274,87576216,87240720
14703960 600 19158166,90752018,111831272,653500
28995999 376 653500,44306552,87120274,18502251,2591886863,87240996
14703960 376 78729158,87402962,93779789,86463732,87245593
19103538 441 87245658,125575989,95071388,127950193,93660519,87453232,108253584
19103538 415 87455736,87107185,17500694,15012756
16463173 539 87893136,20928867,86554743,87456027
24223711 432 87241037,86463494,86554743,72323854
24923893 577 2591886299,17651672,95323674,72944944,111831272,87107185
28995999 420 27805135,87571514,87571757,87403051,97716087,17500694,90277820
25602452 464 25665853,653500,78075782,2571020393
29171587 455 125554148,111831272,39113161,87576216
39625687 549 20928867,90277866,125382105,86463732,87107367
7760425 539 92613309,127950193,19834431,86468543,81849126
32088809 428 111831272,87798509,87510304,87167841
25602452 561 45797189,95337758,125382105,19158166,127814988
19103538 593 86468543,125403383,9532301,25679866
25854677 530 87107185,95882947,2585024057,90277820
32088809 548 87245658,2585023917,86463514,21761125,103431259
6292736 394 95272250,87517113,95882947,87240720
14971191 585 25665853,144394,78075782,87576216
22215923 596 87108745,87184149,90752018,15012756
29171587 591 87798490,81857649,87245658,87510410,87288039
10436138 370 2591886299,95323674,86554743,2572666979,87510410,87245711,74188047
18686023 598 38902321,87245658,87319826,87320037,21761125,19834431,2585023916
14826053 423 87120274,9532301,86468566,87114304,2585024058,46830069,87402962,87515843
10436138 423 87402989,21786680,27805135,87571514,127950193
24923893 372 87108768,125575989,95323674,17500694,86463514,87453232
16162439 445 2591886299,87571514,72944944,78075811,39113161,25679866
22215923 532 38902321,2591886299,18623804,95337758,87571757,81849126,81857649
18597197 385 90277820,103431259,21555802,17651672,90277866
26453435 379 82297167,39371917,74188047,2585024058,87167841,87515843
36840140 483 95272250,21761125,2576191607,87556963,86457841
18686023 366 19158166,20928867,87556963,82144973,87320037
7760425 596 114466956,87107185,110225778,93660519,87184101,21761125,87178815,87107367
14971191 560 87184149,21761125,125575989,95323674,103431259,16741631
88158532 491 87893117,125408363,110225778,87369970
14826053 449 20928867,94978573,18740726,72323854
14799899 456 127814988,25679866,16741631,87108745,18502251,82144973,125403383
23204480 554 87798509,86468543,87108745,41608560,125403383,87510741,14674318
2575586935 398 44184858,92613309,87120274,2591886299
36840140 591 95337758,82144973,86438222,92327017
7760425 425 125382105,87245593,44306552,78075782,87108745,86559757,81849126
36840140 568 82297167,95774822,87245658,78729158,144394
21006950 424 19158166,87245658,16741631,87571514,87320037,92613309,87402989,90752018
4847924 407 87315315,95881160,73149430,16039772,87245658
16463173 363 126672908,18289294,125382105,87895299,72944944
14971191 556 87798490,127950193,87184149,17651672,97716087
32088809 555 87515901,87798509,87364729,95071388,21828209
14703960 595 87515684,21761125,125403383,18623804,15012756
40474848 510 87245658,87510741,87510304,86462544
14104736 463 103415302,87245711,87107185,96097304
14971191 553 114466956,39113161,25679866,126672908,111831272,87167841,87515684
25602452 400 7239915,86463494,15933280,87114304,2585024058
24923893 370 8065638,86559757,39113161,16039772
24923893 534 38902321,125575989,87167841,87369970
14513534 561 87402962,13909116,126672908,87369970
86437916 545 95774822,127950193,87402916,87288039
40474848 556 95337758,95774822,19158166,87455915,45797189,87449987,147339,2585023917
14513534 447 114466956,2584722266,87319826,87402916,21786680,87240720,74188047
39737302 583 653500,86463494,92327017,125403383,90277866
4847924 525 87184101,35833724,81849126,14674318,90277866
18686023 569 147339,39113161,127967296,87537304
39737302 549 87798509,78075811,27805135,87240996,90277866,74188047,63879165
19103538 366 2585023915,87510741,87320037,87114304
19466386 564 2585024057,87315315,2585023917,86463494,86468543
88158532 466 110225778,144394,25665853,96097304,87315315,87369970
13789797 535 27805135,2587632485,125408363,16039772,21744285,22018367,86438222
18891971 533 87240720,19834431,90277820,2591886863
13789797 465 87798509,17651672,18623804,87571757,2572666979,93660519,39113161,87178815
18597197 415 2585024057,44306552,78075782,86463732,87369970
36840140 426 125382105,44306552,2571020393,87402962,87178815,21828209,63879165
45050467 495 144394,87576424,8065635,125408363,68341204
24223711 570 87107367,87576424,95323674,87364729,78075811
36041329 514 86463732,2591886299,87556963,87120274,87515843
19466386 483 2591886299,86463732,95323674,111831272,8065638,87240720,87402989,2585023916
2575586935 597 95882947,87556963,87178815,63879165
18307516 474 87571757,19158166,44306552,87240996,2584722266
18891971 392 68341204,78075782,86468566,18253773,87893117,15424959
88158532 546 87798351,125382105,16039772,72323854,78075811,87798490
12534924 564 653500,27805135,87241037,93660519
6292736 504 87145800,127814988,90752018,39113161,8065638,21555802,87178815,63879165
18307516 542 27805135,87184149,95881160,2572666979,86468543,90277866,92327017
44912141 423 8065638,90752018,111831272,19834431
6509908 569 87145800,103415302,78075782,87456174,87402962,87240996
45367527 510 2591886299,95071388,72944944,127950193,19834431,2591886863,87402989,90277866
16162439 586 87184149,125382105,17651672,103447747
19103538 545 95337758,87241037,45797189,2585023915,73149430,87537304,87515684,147339
44912141 503 92613309,87319826,93779789,18740726,16741631,127967296
14971191 555 44184858,86463494,39371917,110225778,86468543
2575586935 453 87240720,87515901,2571020393,14674318,103447747
24223711 577 108253584,127814988,95881160,2572666979,87510410,95952832
36840140 558 87895299,90752018,78075811,45797189,86463494,111831272,44184858,87455736
14513534 560 125575989,111831272,95323674,39371917
18709918 594 87895299,94978573,86467719,46830069,87455736,87107367
36041329 376 87240720,95337758,22018367,2585024058,15933280
7760425 576 95272250,86463732,96097304,87895299
4847924 451 13909116,16741631,21786680,25665853,87288039
14513534 498 87556963,125382105,87145800,87453232,87537304,19848631
32088809 490 87319826,2571020393,9532301,86467719,87455736,8065638,82144973,147339
40474848 530 39371917,87895299,127814988,87455915,87402916,87184101,2585023915,87515684
16463173 423 125575989,653500,72944944,87537304
21006950 536 86554743,8065635,2585024058,82144973,87245711,87893117
87408392 476 7239915,2576191607,125408363,21828209,86462544
29171587 365 87456027,110225778,87120274,87517113,86463494,87576216,87893117
12534924 479 95774822,87517113,78729158,87576216,19848631,87449987
25602452 475 22018367,87455915,87402916,2572666979,25665853,78729158
23204480 430 95337758,78729158,94978573,87245593
86437916 370 87145800,35833724,127950193,86559757,18502251,2585023915,87369970
14971191 418 87288039,68341204,103415302,95881160,2571020393,95952832,44184858,74188047
25602452 442 114466956,2587632485,103415302,44306552,87571757,72944944,86463494,87515684
22215923 496 125575989,87455736,2585023917,87515901,87245593
25854677 510 87240720,2585023914,39113161,21744285,127814988
32088809 498 127950193,87245658,125382105,15933280,18623804
16162439 432 87455915,86457841,126672908,9532301,87453232,86468543,19834431
25815797 539 2585023915,87240720,86559757,87515843,110225778
14826053 450 35833724,2571020393,17500694,87510304,87537304,8065638,95882947,18289294
24223711 410 86467719,87455736,78075811,15424959
14104736 449 87184101,87184149,86457841,87456174
28584004 578 125575989,82297167,78075782,87178815,95337758
18597197 412 2591886299,87241037,103415302,653500,87364729,95882947,87515843
14971191 510 125382105,17651672,72323854,2585023917,87510741,103447747
39737302 399 125554148,87108745,87120274,87576216
6471613 489 86467719,2585023914,82297167,87895299,78075811
45367527 538 87245658,86438222,2571020393,14674318,87510304
14826053 511 2587632485,81857649,21555802,18502251
18709918 528 87145800,72944944,16039772,21786680,86559757,87369970
7760425 373 90277866,86554743,72944944,2584722266,87120274
25602452 472 2591886299,47162802,86463494,127967296,2585023914
19103538 578 7239915,87571757,87510304,86463514,72323854,147339
28367422 447 87402962,2591886299,87571514,95882947
44992889 370 87245658,7239915,95071388,17500694,21761125,95882947,87515843
45050467 378 82297167,81849126,2571020393,87120274,46830069,87893117,127967296
6509908 369 2587632485,87456027,72944944,125408363,127950193,87402962,2585023914
4847924 480 653500,93779789,86468543,86463514,25665853,18289294,63879165
24923893 462 38902321,87798509,110225778,81857649,147339,125403383
4847924 517 19848631,45797189,87456174,2585024058
29171587 365 87402989,39371917,86463732,46830069
14799899 500 87449746,147339,87456174,39113161,78075811
24547880 557 125554148,78729158,8065635,87456027,86463732
21006950 458 82297167,110225778,44306552,25665853,15933280,46830069,87402962,87315315
18597197 562 19158166,87571757,39113161,2572666979,18253773,122349569,87178815
18686023 576 95774822,2576191607,87798509,92327017
28367422 459 87895299,21744285,95881160,87120274,92613309,127950193,18289294
14826053 564 2591886299,39371917,9532301,25665853,21744285,86559757,87402989
6471613 531 87571757,86554743,16039772,103431259,16741631,126672908,87364729
21006950 484 25665853,111831272,87571757,87510304
14104736 407 78729158,87576424,15933280,125403383,90277820
36041329 438 13909116,86467719,87449987,41608560,87515843
18891971 401 125575989,87576424,18740726,86468566,111831272,96097304,86462544
36834914 468 96097304,110225778,103415302,93660519,95272250,87167841,15012756,2585023916
28995999 477 74188047,8065635,2572666979,87369970
18686023 550 45797189,95272250,86463494,8065638,2585023914,92327017
22215923 512 103415302,7239915,15933280,15012756,19848631,87455736,95882947,21828209
14826053 462 87798351,97716087,87184101,127950193,15012756,8065638,14674318
44912141 385 38902321,87895299,87576424,87537304,87576216,81857649,2576191607
22215923 431 2584722266,126672908,41608560,87576216,19834431,81857649,90277866,87369970
44992889 552 87319826,86468566,2585024057,39371917,110225778
28584004 562 653500,2585024057,108253584,103431259,87449746
88158532 473 87449746,2571020393,9532301,86467719,87449987,2585023917
14703960 546 92613309,114466956,87571757,96097304
12534924 561 95272250,2584722266,14674318,39113161,72323854
36834914 558 78729158,2571020393,2585024058,2584722266,86462544
22215923 470 45797189,87556963,2587632485,2572666979
21006950 442 87145800,87576424,87403051,92613309,87510741,15424959
24557623 454 87449746,87798351,87245658,18502251,78075782,87108745,46830069,127967296
32088809 496 38902321,2585023916,68341204,78075811,47162802,87245711
24557623 393 87319826,21761125,20928867,93779789,39371917
18709918 410 87245658,2587632485,92613309,15933280,15424959,90277866
28995999 505 87571514,93660519,2571020393,125403383,78075811
86437916 513 86457841,94978573,103431259,87515684,8065635,46830069,87402962,74188047
10436138 420 87167841,90752018,95323674,94978573,2572666979,92613309,87576216,19834431
21976641 553 2585023917,87456174,87240996,2584722266
40474848 437 87515684,16741631,87453232,147339,87402989
26453435 586 87241037,87107185,87120274,21761125,15012756,18253773,19834431,17651672
29171587 554 93779789,18740726,86463514,87798490,15012756,44184858,2585023916
12534924 400 27805135,86554743,87320037,78075811
18891971 491 27805135,78075782,95071388,46830069
88158532 448 653500,87453232,27805135,41608560,87402916
18709918 487 2576191607,87556963,47162802,93660519
36840140 591 87108768,90752018,16039772,78729158,87515684,81857649,95882947
36840140 468 87556963,95071388,87320037,9532301,87515684,87402989
14826053 574 18502251,25679866,87320037,87402962,87576216,18253773
39737302 438 87402989,87315315,87893117,46830069,87145800
24223711 465 22018367,86463732,68341204,127967296,47162802,87364729,14674318,103447747
36840140 582 87402962,22018367,93660519,87369970
86437916 499 122349569,73149430,87288039,87537304
25602452 577 103415302,127814988,87576424,46830069,74188047,87369970
25815797 461 125554148,653500,21555802,144394
12534924 475 653500,82144973,17651672,14674318
14799899 408 87288039,87576424,2572666979,87510304,103431259,72323854
32088809 526 103415302,7239915,9532301,21828209
6509908 370 38902321,95337758,87798351,2587632485,86468543,86467719,147339
12534924 431 2585023917,86463494,95952832,2584722266
6509908 369 86438222,87184149,96097304,90752018,87402916,9532301,87576216,82144973
6471613 579 2591886299,87245658,39371917,72944944,45797189,87537304
39737302 518 87108768,87517113,93660519,21744285,87510410,14674318
12534924 394 17651672,86468566,2585024058,8065638,87107367,95952832,15424959
14513534 476 103415302,86463514,127950193,87537304,19834431,2585024057
19466386 541 38902321,21744285,25665853,86463514
2575586935 591 82297167,114466956,18289294,18502251
24923893 572 87319826,95323674,87403051,27805135,87241037
6292736 536 125382105,87455915,9532301,95272250,87456174,86468543,18253773,18289294
14703960 550 39371917,144394,25679866,17500694,126672908,96097304,74188047
32088809 537 82297167,78075782,2572666979,86559757,86462544,127967296,90277866
18597197 465 2572666979,86468543,21744285,127950193,18502251,21828209
44992889 530 108253584,87576424,25665853,122349569,2585023917,21828209
21006950 374 87515901,22018367,87403051,72944944,87364729,87315315,87240996
39737302 422 86438222,17500694,78075811,87510410,22018367,87402989,87449987
23204480 476 2584722266,87402916,87515843,18502251,95882947,82144973
36840140 376 94978573,127950193,2571020393,17651672,110225778
39737302 390 18623804,87402916,92613309,127950193,44184858,95882947
87408392 554 13909116,81857649,87576424,103447747,18502251
4847924 388 125575989,44184858,87798351,95323674,87108768
40474848 539 87515901,114466956,87245593,44306552,15933280,87240720
24923893 564 87456027,103415302,95323674,16741631,87402962,95882947
25854677 472 81849126,125575989,87120274,86468566,2585023915,90277820,2591886863,87240996
24547880 487 25665853,87453232,81849126,2584722266,87107367
36840140 519 22018367,17651672,93779789,97716087,41608560,87402989,127967296,63879165
6471613 527 87456027,81849126,103307767,86463494,8065635,87315315,18289294,125403383
2575586935 578 87240720,97716087,103307767,87364729,87402962,14674318,15424959
6471613 582 2585023914,111831272,87798509,17500694,144394
14799899 431 87510741,87576424,21786680,46830069,81857649,18289294
14826053 536 87184101,87515684,86463494,86457841,653500
18686023 471 19158166,87364729,16039772,68341204,8065638
44992889 505 95881160,81849126,87798351,72944944,103431259
86437916 545 18502251,95881160,96097304,81857649,87178815,87456027
40474848 394 114466956,2584722266,87571514,17500694,87456174,95881160,21828209
28367422 540 87245658,68341204,87108745,95071388,126672908,18253773,2585024057,103431259
22215923 520 87108768,103431259,95071388,17500694,86463514
18891971 589 13909116,110225778,87245593,86554743,87402916,87369970
23204480 553 87319826,87240720,97716087,87167841
36041329 361 82297167,95774822,87510741,90752018,78075782,86467719,38902321,147339
10436138 473 87455915,87576424,87403051,87515843,72323854
86437916 491 82297167,22018367,87576424,78729158,87456174,87537304,87798490
24547880 576 87798351,95774822,8065638,87515684,87402989,2576191607,14674318
39737302 362 125575989,90752018,39113161,103431259,96097304,87515684,87107367,86462544
6471613 528 87245593,2572666979,95071388,21761125,19834431,87402989,125403383
14799899 390 78729158,2585023917,87245658,87895299
24223711 599 82297167,87241037,14674318,86463494,90277820,125403383
16162439 455 82297167,87449746,87515901,114466956,87241037,653500,86554743
16463173 530 93779789,87320037,25665853,86463494,78729158,87798490,14674318,87369970
4847924 553 35833724,27805135,41608560,46830069
44912141 565 125382105,86457841,72944944,86468543,87240996,82144973,2585023916,81857649
4847924 581 87288039,78075811,19834431,87510741,21555802,21828209
36041329 424 95337758,90752018,86457841,87320037,87517113,46830069,8065638,87240996
21976641 544 2591886299,87241037,2584722266,18623804,87145800
39737302 370 21761125,39371917,18740726,95337758
4847924 441 35833724,95323674,78075782,73149430,87364729,15012756
29171587 498 95882947,87108745,14674318,2584722266
25854677 599 95952832,125408363,14674318,86463514
14971191 390 125382105,127814988,16741631,86559757,18253773,19834431,2585023916
88158532 481 87576216,90277820,125403383,103431259
28367422 499 87449746,95881160,94978573,87798490,47162802,18253773,18289294,87240996
19103538 579 87184101,86468566,95882947,87178815,72323854
88158532 516 13909116,87245658,87456027,72944944,86468543,111831272,18502251,87107367
25815797 546 87245658,87120274,2572666979,21761125,2591886863,95952832
29171587 389 78075782,15424959,125382105,90277866
18709918 590 87455736,86463494,87167841,2585023914
16463173 380 103415302,73149430,86559757,87537304,8065638,92327017
22215923 435 27805135,86457841,86463514,125554148,127950193,44184858,125403383,15424959
32088809 506 114466956,87107185,2591886863,18253773,127967296,90277866
19466386 530 108253584,78729158,2571020393,87108745,93779789
28995999 482 87184149,86457841,2572666979,17500694,103307767,82144973
14971191 565 2591886299,9532301,86463514,95774822,47162802,41608560,74188047,21828209
12534924 511 25679866,72944944,95774822,86559757,87364729,95952832
24557623 599 87184149,2584722266,125575989,93660519,87456174,87241037,2585023916,74188047
6292736 485 2587632485,87120274,103431259,86467719,86468566,90277820,8065638
21976641 515 122349569,44184858,87537304,72323854
14104736 539 18253773,87798490,114466956,90277820,39113161
40474848 531 19158166,87895299,87571514,95323674,73149430,87402962
6292736 492 45797189,87449746,87108745,125408363
14826053 452 95323674,2587632485,97716087,25679866
87408392 413 82144973,90752018,87315315,87455915,87120274
24223711 479 87108768,18623804,127814988,45797189,46830069,17651672
36840140 409 95272250,103307767,87449987,87288039
18307516 453 82297167,87145800,20928867,44306552,97716087,9532301,87240996
32088809 492 18502251,110225778,94978573,95774822,46830069,68341204,81857649,87240996
23204480 461 13909116,82297167,114466956,87319826,25679866,87245658,21555802,95952832
19466386 474 2585023914,19158166,41608560,16741631,63879165
19466386 389 82297167,86467719,87184101,17500694
10436138 526 127814988,21828209,87178815,18502251,93660519
25854677 549 68341204,87576424,86467719,21761125,87893117,147339
21976641 521 87319826,86457841,39113161,68341204
6471613 422 87449746,87245658,87288039,17500694,87184101,2585024058,19848631,2576191607
18709918 585 18253773,21761125,95323674,86468566
18307516 599 103307767,87402916,87510304,63879165
87408392 513 18623804,87145800,127814988,86463514,87798490,19834431
14513534 378 18623804,20928867,87576424,39113161,86467719,8065638,87515843,15424959
6471613 598 87571757,87145800,87319826,87576424,35833724,2572666979,87510304
22215923 520 87798509,21744285,95323674,2571020393,103415302
18686023 379 19158166,86438222,125408363,90277820,87245711,21555802,125403383
23204480 428 95774822,8065638,103447747,86468566
19103538 581 19158166,87245658,87145800,18740726,8065635,18253773
24923893 446 45797189,95272250,87798351,87364729,81857649
44992889 562 86467719,44184858,78729158,87167841
18686023 503 125382105,87145800,95071388,87114304,86463494,2587632485,2585024057
14104736 549 7239915,87571514,44306552,86463732,63879165
12534924 577 13909116,87798351,2587632485,17651672,144394,95323674,94978573,39371917
12534924 504 16741631,21761125,95323674,87288039,86463514
88158532 372 87184101,87240720,111831272,144394,92327017
45050467 478 127950193,44306552,72944944,87893117,15933280
14799899 574 87798509,87571757,87184101,87364729,87245711,87515843,15424959
7760425 390 87798351,2571020393,17500694,95272250,87510410,87167841
24223711 556 87798509,87456027,72323854,74188047,87402962,87178815,87107185
86437916 421 87798351,86438222,90752018,15933280,15424959,63879165
14826053 383 87245658,87184149,86463494,87167841,87449987,95882947
44992889 389 2585023915,86468566,2571020393,87120274
18597197 443 68341204,87571514,97716087,17500694,18253773,8065638,87178815
28367422 386 68341204,87576424,87114304,87184101,87798490,8065638,103447747
26453435 530 2584722266,125575989,144394,87114304,15012756,87402989
23204480 530 87108768,653500,95323674,72944944,86467719,78729158
32088809 482 2585023914,44306552,15424959,90277820,81849126
39625687 453 2587632485,87456027,72944944,87517113,96097304,2585023914,87178815
21976641 545 21761125,126672908,86559757,87455736
26453435 530 87893117,87510741,8065635,87537304,15424959
19103538 400 86559757,87556963,87456174,147339,9532301
44912141 569 87510304,95272250,111831272,87402962,87245711,87515843,15424959
36834914 487 87184149,125575989,86467719,92613309,73149430,18253773,87449987,86462544
6509908 556 82297167,13909116,68341204,87120274,87517113,87510410,18289294,74188047
14971191 398 125554148,103415302,87893117,82297167,125575989
28995999 532 87798509,87571514,86457841,8065635,87893117,87369970
14703960 362 95881160,87510304,87798490,8065635,19848631,95952832
13789797 452 87798509,90752018,35833724,87510304,87108745,86559757,87167841,87315315
26453435 525 108253584,87108768,87455915,8065638,92327017,90277866
44992889 434 8065638,47162802,110225778,87320037
10436138 370 87798509,45797189,127950193,15012756,87798490,82144973,86462544
14513534 368 2591886299,126672908,2585024058,87145800
14826053 527 16741631,87893117,2572666979,87167841
40474848 522 2591886863,114466956,73149430,86438222
23204480 447 653500,2571020393,87320037,21761125,73149430,72323854,125403383
39625687 405 87515901,86438222,39371917,87114304,8065635,18253773
87408392 580 87798490,87315315,2576191607,44306552,87369970
12534924 473 86438222,95323674,95071388,9532301,86467719,86468566,87455736,87107367
18686023 392 8065638,87571514,111831272,87107367
14513534 562 17651672,87571757,126672908,73149430,2585023917,87245711
13789797 518 2585024057,87556963,2587632485,87167841
21006950 380 22018367,94978573,86468543,78729158,2591886863,87455736,86462544
14799899 510 45797189,39371917,87515901,87184149
14104736 531 2585023915,45797189,44306552,16741631
24547880 525 87184149,86463732,94978573,87364729,122349569,87455736,2585024057
24557623 374 87240720,2591886863,95881160,2571020393,2591886299
14799899 490 87893136,87798351,114466956,7239915,95323674,95774822
14104736 458 2591886299,95881160,87576424,86463514,87184101,87108745,87107367
18597197 510 87107185,87145800,103415302,18740726,25679866,78075811
18597197 452 2591886299,114466956,87571757,95071388,2585024057,2585023916
18686023 471 44306552,15933280,72323854,95952832
40474848 587 144394,111831272,2585023916,125382105
23204480 498 82297167,125554148,44184858,25679866,15933280
18998603 554 95337758,95774822,87403051,72944944,45797189,87178815
16162439 399 87510741,125382105,25665853,87108745,78729158,46830069,87245711,86462544
44912141 560 39371917,2584722266,87510304,93660519,87798490,90277866
39625687 440 2585023915,81857649,21828209,78075811
39737302 411 87108768,87576424,87403051,21761125,127950193,41608560,87893117,2585023916
28584004 409 87556963,46830069,87403051,45797189,86468566,87576216,2576191607,90277866
6292736 505 86554743,47162802,72323854,86463514,87108745,18253773,2576191607
7760425 488 13909116,19158166,18502251,87245593
22215923 531 21786680,86457841,2571020393,2585023917,21828209
29171587 519 94978573,18502251,18623804,87120274
19466386 597 38902321,103307767,95881160,18289294
16463173 402 87893117,96097304,110225778,87145800
18709918 459 82297167,87798351,87571757,17500694,92613309,87402989
10436138 521 86468566,95071388,110225778,74188047
18307516 512 87893136,87571757,87515843,68341204,63879165
24547880 397 87449746,87245658,87108768,86457841,18502251,95952832
2575586935 545 16741631,87245658,17651672,46830069
14513534 497 18253773,87510410,25679866,46830069,92327017
21976641 590 8065635,7239915,87403051,86467719,92613309
28367422 404 86438222,95881160,16039772,44184858,19834431,103447747,87107367
86437916 422 87798509,87107185,87145800,86559757,19848631,87178815
36834914 487 19834431,126672908,147339,87184149,87178815
88158532 458 7239915,17651672,86468543,87449746
19103538 468 87798509,122349569,21786680,93779789,86463514
2575586935 419 127814988,81857649,126672908,46830069
18307516 363 2591886299,93779789,125408363,16039772,122349569,87893117,14674318,92327017
18686023 441 93779789,87798509,87576424,87184101,44184858,111831272,18253773,8065638
6509908 509 87893136,87798509,2584722266,93779789,87798490,86559757,87240720,63879165
6292736 552 87893136,127950193,78729158,87114304,86438222
18307516 548 86463494,2585023916,2571020393,17500694,87107367
39625687 435 103415302,125554148,2576191607,18289294
18709918 597 39371917,87245711,8065635,72944944,86462544
19466386 467 87319826,87315315,87108745,125382105,86462544
14799899 561 86559757,125408363,72323854,87245593
18686023 519 103415302,95323674,94978573,103431259,92613309,111831272,87364729
29171587 580 19158166,127950193,103307767,147339,87369970
24557623 496 87107185,68341204,86467719,46830069,19848631,82144973,127967296
18686023 398 86467719,2571020393,87571757,87456174,72944944
4847924 391 44184858,127814988,87510410,18289294
25854677 397 87517113,35833724,86438222,78075782,74188047
18891971 574 47162802,86559757,87167841,87402989,82144973,147339
6292736 472 86554743,87402916,72323854,81849126
14703960 570 95323674,87798509,44306552,87108745,95882947,87240996
36840140 418 122349569,103307767,87456174,21828209,87320037
25815797 583 35833724,72323854,86463514,95272250,127950193,41608560,87178815
36041329 505 87288039,95881160,86463514,86467719,87453232,103447747
24547880 547 95272250,87245711,125382105,110225778
21006950 426 95071388,9532301,21786680,73149430,41608560,90277820,87167841,44184858
25815797 423 95774822,87319826,90752018,68341204
25854677 501 87402962,87319826,2585024057,87167841
18686023 438 18253773,87319826,86463494,2585023916
25815797 550 45797189,87517113,82144973,86463732
24923893 449 127814988,16039772,87537304,87798490,87893117,2585023916
10436138 377 87449987,87403051,41608560,2585024058,19848631,2585024057,87893117,103447747
86437916 515 87798351,108253584,78075811,95272250,21786680,21555802,21828209,92327017
40474848 503 2591886863,44184858,87184149,14674318
40474848 574 13909116,19158166,114466956,39371917,95323674,127950193,44184858
10436138 600 19834431,87571514,72944944,110225778,86463732
36834914 507 95337758,27805135,125382105,90277820,96097304,14674318
44992889 595 127950193,108253584,74188047,87120274,97716087
18597197 521 122349569,127814988,87178815,86462544
44912141 521 87798351,114466956,44306552,87403051,87320037,127950193,81857649,2585023916
10436138 561 87537304,87240720,2585023914,18289294,87515843,92327017
21006950 495 38902321,19158166,87288039,87571514,86463514,87167841,78075811
7760425 578 87798351,94978573,93779789,2571020393,46830069,87315315,8065638,87893117
36041329 600 87798351,27805135,2587632485,87245593,87571757,87455736,87449987,127967296
36840140 578 87245593,125575989,87120274,87517113,111831272,95882947,87245711
26453435 389 122349569,87510410,87571757,87178815
24557623 482 87517113,87178815,87576216,103431259
2575586935 413 87319826,72944944,103447747,87107367
16463173 498 87455736,111831272,87245711,92327017,86457841
25854677 387 86463732,87456174,15012756,87515684,87402989,18289294
28995999 516 110225778,7239915,93779789,25665853,21761125,87315315,87107367
24223711 562 95337758,2584722266,21761125,78729158,2591886863,87455736,14674318
4847924 586 108253584,15012756,2585023915,8065638,2576191607,2585023916,87107367
28995999 371 86468566,18740726,86468543,87517113,78729158,90277820,95952832
14703960 589 87319826,47162802,73149430,87798351,86468543
44992889 591 44184858,87402962,87108745,2591886299
32088809 446 87107185,18623804,87145800,41608560,15933280,87576216,147339
14703960 402 87453232,111831272,2585023916,78075811
21976641 410 87184101,144394,92613309,86463514
36834914 493 86438222,125575989,653500,2585024058,41608560,90277820,87245711,86462544
16162439 377 87108768,2571020393,95071388,86467719,87449987,86463732
14826053 518 87184101,144394,21555802,87240996,46830069
24223711 398 87288039,144394,93660519,16741631,111831272,78075811
14513534 444 87798509,125575989,18740726,95272250,92613309,87510410
22215923 472 87108745,20928867,87449987,87537304,87510304
26453435 599 2571020393,87455915,44306552,87403051,127950193,47162802
24223711 572 82297167,87107185,95071388,93660519,16039772,86559757,15933280
6509908 564 17651672,87453232,87576216,2591886863,127967296,63879165
87408392 557 13909116,87893136,87798351,86457841,2572666979,86468543,21828209
28584004 568 86467719,2585023914,2585023917,87798490,82144973
36834914 450 95337758,87403051,87402916,87517113,87120274
10436138 453 87515684,87315315,93779789,87510741
25602452 430 87449746,87107185,87571757,45797189,87108768,87240996,87895299
6471613 476 18253773,86438222,87240996,87120274
26453435 543 94978573,127950193,86467719,21786680,44184858,14674318
2575586935 539 87320037,86467719,15933280,122349569,87510741,2585024058
2575586935 553 653500,78729158,16039772,86468566,81849126
24557623 503 87245658,44306552,87576424,16039772,9532301,18502251,125554148
28995999 471 25665853,13909116,27805135,39371917
12534924 365 87449746,94978573,18740726,16741631,87453232,18502251,2585023914
26453435 512 2591886299,95881160,16039772,95272250,18502251,2585024057,18289294,87107367
4847924 454 87245593,87320037,95774822,16741631,87456174,18289294,87369970
4847924 531 27805135,125382105,87120274,21761125,47162802,87515684,19834431,87449987
28367422 451 21744285,126672908,87556963,95881160,87245658
39737302 370 2591886299,87556963,103415302,653500,95071388,72323854,87576216,8065638
86437916 415 2591886299,144394,95272250,46830069,87315315,87178815
23204480 594 68341204,87245593,127814988,111831272,87576216,87315315,87178815,86462544
14513534 488 87184101,87449746,87108768,2584722266,125403383
14971191 585 19158166,87107185,95337758,87319826,78075811,90277820,44184858,125403383
22215923 579 87288039,86457841,87320037,87184101,87167841,122349569
88158532 503 87319826,87364729,103415302,2571020393
14799899 416 2591886863,95882947,87240996,81849126
14513534 469 87456027,78075782,72323854,92613309,2585024057,87515843,127967296
39737302 397 87515684,95323674,16039772,87402916
7760425 452 87108768,653500,95881160,25665853,21761125,86463494,87798490,2585023916
86437916 372 17651672,86468543,2591886863,8065635,18502251,2585023915
32088809 551 144394,86457841,87114304,87510304,127967296,63879165
7760425 394 73149430,86463732,103447747,92327017
21006950 445 18289294,87456027,2584722266,47162802,18502251,87240720,87510741,87895299
4847924 531 44184858,2585023916,41608560,90277820,74188047
16162439 368 81849126,92613309,41608560,2591886863,87240996,15424959
44992889 447 19848631,87510410,87576424,127950193
4847924 442 19848631,92613309,21555802,87455736,90277866
13789797 474 81857649,87184149,2585023917,87240996
24923893 471 87455915,127950193,87403051,87402916,16741631
4847924 434 87245658,7239915,39113161,87517113,2585023917,18289294
18597197 546 87556963,93779789,111831272,87515684,2585023917,15424959
16463173 577 87319826,87576424,147339,86467719,125408363
39625687 481 87108768,87145800,103415302,35833724,9532301,87798490
13789797 476 39371917,68341204,87145800,87517113,41608560,15012756,44184858,2591886863
28995999 397 38902321,111831272,95323674,87556963,103447747
26453435 536 72944944,18740726,46830069,87145800
19103538 419 45797189,87402989,68341204,93660519
19103538 590 2585023915,87364729,2572666979,87167841,93660519
36041329 433 81849126,86457841,47162802,103447747,87537304,14674318
39625687 453 87403051,87402916,87240720,87510741,14674318,87369970
10436138 397 82297167,2587632485,2572666979,87184101,19834431,87515684,87402989,21828209
18891971 464 13909116,19158166,87515901,87895299,103415302,95323674,87240720,82144973
40474848 498 27805135,87456027,86468566,125575989,87320037,21761125,87245711,87369970
14971191 463 125575989,87245593,22018367,87145800
23204480 421 110225778,20928867,47162802,18253773,87455736,81857649,87515843
18709918 439 87402962,87515684,87240996,87145800
45050467 499 13909116,27805135,86554743,103431259,87798490,127967296
14104736 583 2587632485,127950193,18289294,94978573
24923893 426 2584722266,90752018,44306552,125408363,87114304,103431259,87108745
24223711 420 87184101,16741631,2585024057,2585023916,87364729
21976641 565 87108768,114466956,87510741,93660519
6471613 584 82297167,87515901,87456027,144394,126672908,87315315
25854677 585 87571514,95323674,25679866,87178815,44184858,20928867
4847924 440 27805135,44306552,95071388,18740726,41608560,25679866,127967296
28367422 538 44184858,86468566,87241037,14674318,19158166
36041329 477 93779789,35833724,86554743,87402916,72323854,90277820,8065638
32088809 578 87893136,125408363,9532301,87184101,21786680,17500694,15424959
10436138 432 86467719,87893136,41608560,72323854,18623804
6471613 536 47162802,78729158,87288039,15933280
86437916 431 86463732,2585024057,87510410,74188047,87245593
14104736 599 87798351,2584722266,95774822,87517113,2585024058,18253773,87455736
24557623 562 87576424,93660519,78729158,87364729,87798490,147339,74188047
6471613 594 87108768,9532301,87402916,2572666979,125408363
23204480 593 110225778,87455915,87320037,95272250,8065635,87178815,21828209
18998603 381 110225778,87319826,25665853,87537304,82144973,95882947
32088809 469 78729158,87515901,2585023916,125382105
39625687 583 87798490,44306552,114466956,78075811
18709918 528 13909116,87893136,35833724,20928867,87571757,15933280,87798490,87240996
16162439 591 95337758,87107185,35833724,103431259,87455736,95882947,125403383
14799899 362 87893136,18623804,2591886299,87576216,2591886863,90277866
45050467 588 87184149,16741631,39113161,103307767,87455736,87402989,2585024057
14703960 420 35833724,87571757,9532301,44184858,81857649,86462544
14104736 536 108253584,44306552,17500694,78075811,86468566,87537304,18502251,35833724
45367527 594 87449746,114466956,86463732,7239915,87184101,122349569,95882947
24223711 558 125554148,87510410,95071388,87895299
44992889 503 87449746,7239915,20928867,87456174,18502251,2585023914
6509908 579 125575989,87403051,87402916,96097304,2591886863,87455736,87245711
36834914 436 18253773,95774822,87108745,68341204
45050467 370 2587632485,147339,86554743,87167841
24223711 575 87114304,87515684,90277820,87240720,2576191607,87449987,63879165
7760425 451 87576424,41608560,93779789,125382105,39113161
36840140 505 87455915,87108745,125554148,2585024057,125403383,86462544
10436138 568 95071388,86468543,87320037,78729158,9532301,92327017
14826053 393 86463732,127814988,111831272,2591886863,74188047,103447747
24557623 391 47162802,147339,95071388,78075811
24557623 509 2591886299,2587632485,18740726,127950193,90277820,87184149
28995999 517 95272250,87556963,147339,125408363
7760425 412 87114304,87517113,2585024058,18253773,2585023914,87245711
14799899 377 87510741,87241037,144394,87403051,73149430,19834431,87245711,95952832
6292736 553 87402989,87449987,126672908,86468543
44992889 472 125382105,87288039,86554743,2572666979,78729158,122349569,111831272
44912141 399 87456027,97716087,87184101,18502251,18253773,2585023914,14674318
16162439 596 87515901,87576424,87403051,86467719,78729158,86559757,15933280
18686023 549 87798509,87114304,87364729,87167841,87515684,18289294
14703960 477 122349569,87315315,2572666979,90277866
24223711 443 87576216,125575989,25665853,87319826,87456174,46830069,95882947,18289294
14971191 547 87319826,93779789,25665853,122349569,74188047,63879165
36840140 557 7239915,2587632485,87402916,81849126
32088809 593 2591886299,87449987,18740726,144394
18686023 399 87245658,110225778,25665853,21761125,87456174,2591886863,81857649,15424959
28584004 361 22018367,95323674,87455736,44184858,19834431,2585023916
36834914 479 125575989,87510410,103431259,47162802,90277820,87455736,147339
18891971 443 21761125,18289294,86559757,87402916,2585024058
32088809 533 87145800,72323854,25665853,16741631,73149430,86559757,87893117
18686023 596 95272250,87798509,17651672,110225778,25665853,21744285,87455736,147339
6292736 505 108253584,87456174,87288039,86463514
13789797 428 2591886863,44306552,87571757,2585024058
36840140 572 87893136,87571514,18740726,103431259,87453232,87178815,127967296
24557623 456 87449746,81849126,87319826,21744285,86463494,87537304,127967296
24923893 430 39371917,87571757,39113161,126672908,44184858,87455736,87510741,74188047
6471613 439 22018367,110225778,93779789,87320037,86463514,87108745,46830069,19848631
14513534 482 8065635,95882947,2571020393,25679866,86468543
14971191 599 87455915,35833724,87120274,87184101,74188047,127967296
14971191 564 87402962,35833724,111831272,86438222
24223711 445 13909116,147339,41608560,81849126
28367422 480 81857649,78729158,21555802,72944944,125403383
26453435 436 127814988,87510304,73149430,87537304,653500,2585023917
44912141 494 86467719,87571514,87449987,87320037,86463514
24223711 469 86468566,653500,95952832,110225778,15933280
28584004 565 2591886299,87107185,86468543,87108745,87167841,2585023917
36840140 573 2591886299,81849126,87120274,72944944,86467719,18502251,90277866,63879165
6509908 490 19158166,87245658,87319826,86468543,92613309,2585023916,103415302
18709918 497 87556963,78075782,2572666979,87402916,2585024058,87167841,2585023916,97716087
36041329 453 25665853,95337758,18502251,87449746
32088809 538 82297167,87798509,87895299,87571514,90277820,87178815
